2.059925485
2.059951139
2.058776754
2.058531471
2.061005088
2.061906322
2.065335258
2.06469764
2.059657284
2.05973768
2.05973768
2.069622199
2.072162761
2.072166369
2.079749085
2.07964714
2.087204872
2.087408185
2.129953796
2.129912766
2.151609884
2.151609884
2.292229236
2.292436078
2.292436078
2.965280417
2.965372918
3.747725048
2.846845112
2.847461632
2.847461632
2.401512949
2.401331421
2.142330631
2.089303819
2.088735244
2.072631334
2.072888302
2.061363513
2.061363513
2.061748075
2.062557293
2.062429515
2.057990503
2.057979383
2.055716275
2.05581234
2.053919275
2.053800521
2.060037243
2.057920001
2.057920001
2.055017818
